[, ],
[52.055366686819504, 1.2803438559784193],
[52.055366686819504, 1.2803438559784193],
[52.055366686819504, 1.2803438559784193],
[52.055366686819504, 1.2803438559784193],
[52.055366686819504, 1.2803438559784193],
[52.055366686819504, 1.2803438559784193],
[52.055366686819504, 1.2803438559784193],
[52.055366686819504, 1.2803438559784193],
[52.04821867266726, 1.284098359158128],
[52.04821867266726, 1.284098359158128],
[52.0483161444397, 1.2855589351651433],
[52.04832811541049, 1.285797116094967],
[52.04912287030012, 1.2868385984185975],
[52.04927315443386, 1.286872417589325],
[52.04942363309763, 1.286912866995821],
[52.049580326291355, 1.2869352073346048],
[52.04985449820386, 1.2869238428427352],
[52.0501483301037, 1.2868643240142],
[52.05022976059933, 1.2868706746896215],
[52.050285672542735, 1.2869443208249345],
[52.050618742874995, 1.289003860191759],
[52.05076534020059, 1.2894924456568633],
[52.05085184892628, 1.2897208508694729],
[52.05094260190246, 1.2899501613537359],
[52.051027601927984, 1.29017460402362],
[52.05110769098825, 1.2903998264895635],
[52.051183285294506, 1.290637917875367],
[52.05126532164607, 1.2908922315105786],
[52.05134899206864, 1.2911457206404118],
[52.05144355241596, 1.2913824380665497],
[52.05163748107712, 1.291839061503109],
[52.052537242603854, 1.2938372479994844],
[52.0528403899328, 1.2946286894229204],
[52.05295870536791, 1.295380560236416],
[52.05299715204784, 1.2956032265326185],
[52.05302684224688, 1.2958147819594825],
[52.05305280079103, 1.2960292586694446],
[52.053105382594964, 1.2964526959400833],
[52.053140912267075, 1.2966584631329667],
[52.05317558347069, 1.2968767288467615],
[52.05326330706998, 1.2974323996137456],
[52.053299525079886, 1.2977179511884502],
[52.05348966734556, 1.299291565785492],
[52.05354530204696, 1.2998761813876571],
[52.053608277369136, 1.300466022645697],
[52.05375668519161, 1.3018894398783014],
[52.05377356065906, 1.3021731757052197],
[52.05379638034124, 1.3024510904258437],
[52.05382564588951, 1.302735294553634],
[52.05391664461818, 1.303607784474029],
[52.05394738216539, 1.3038939266267648],
[52.05397559179476, 1.3041763503201536],
[52.05400293378573, 1.3044450701345205],
[52.05402979280003, 1.304704186579143],
[52.05405497054299, 1.3049570262434733],
[52.0540790705706, 1.3051987890578154],
[52.05410443614181, 1.3054332512487616],
[52.054129225157695, 1.3056598026101915],
[52.054173734938956, 1.3060576827180532],
[52.05419142714515, 1.306213749870404],
[52.05421290548996, 1.3063825823255244],
[52.05423818297374, 1.3065658416956827],
[52.05426544843596, 1.3067694165291013],
[52.054291106443195, 1.3069818980018943],
[52.05431862320548, 1.3071975647256078],
[52.05434518960398, 1.3074239413828208],
[52.054370655332555, 1.3076380165624357],
[52.05439484759388, 1.3078593137154604],
[52.054418289859235, 1.3080828634996757],
[52.054755619112335, 1.3095262177701357],
[52.05482242238594, 1.3097432917586902],
[52.05487547747315, 1.3099483575023394],
[52.05491484402586, 1.310154016406945],
[52.054937638340654, 1.3103877442152194],
[52.054961702265224, 1.310620366113294],
[52.055279583178844, 1.3127889286193835],
[52.055343010890546, 1.3130020714037587],
[52.055415611132126, 1.3132268080577862],
[52.05546629625586, 1.313465383662951],
[52.0555152307215, 1.313712959932575],
[52.055567666762435, 1.3139786422519977],
[52.055609984855955, 1.3142333124766892],
[52.05563882781425, 1.3144769424394533],
[52.055643701667876, 1.3147088234001683],
[52.05552286186201, 1.3151584924680833],
[52.055455286431936, 1.3153696935929602],
[52.05538863991927, 1.3155856650458824],
[52.0553391122621, 1.3158013648723985],
[52.05531475503438, 1.3160132913393683],
[52.05530238919635, 1.3162311914263778],
[52.055341078836534, 1.317073986544632],
[52.05574615105973, 1.3185157348371286],
[52.05593526574239, 1.3192036429331293],
[52.05595382855704, 1.3192907764715136],
[52.05591578015252, 1.3193547796588474],
[52.055857680290785, 1.3194075156576297],
[52.05486596723804, 1.3198143307141532],
[52.05474642628641, 1.3198687445521362],
[52.05462768053789, 1.3199183775693397],
[52.054512232132744, 1.3199709818504357],
[52.05440475539915, 1.3200251608542748],
[52.05429709752049, 1.3200775789836616],
[52.054191295482255, 1.3201224511991807],
[52.054082487053755, 1.3201655090937683],
[52.05396666166921, 1.3202078187951798],
[52.053842278567316, 1.3202525167186332],
[52.05371862540971, 1.3202924419843949],
[52.053602476309365, 1.3203432544894593],
[52.053480799920536, 1.3203951949927488],
[52.05336401451424, 1.3204453740430773],
[52.05324614010098, 1.3204999946686184],
[52.05312475100667, 1.3205535336640737],
[52.05219150823145, 1.3208621331912682],
[52.05213437134085, 1.3213978549716499],
[52.052135606011646, 1.3214995662707958],
[52.05213977762306, 1.3216128846357602],
[52.05214820746271, 1.3217265114325465],
[52.05221660861111, 1.3221387208980981],
[52.0522472068025, 1.322265663384991],
[52.0522789795458, 1.3223860362707314],
[52.05231631046213, 1.3225086471057048],
[52.052360521186195, 1.3226439485404673],
[52.05240296425132, 1.3227855838812168],
[52.052448676050076, 1.3229281267413306],
[52.052690317063785, 1.323870895358484],
[52.05271288379806, 1.324017550586365],
[52.052789574365534, 1.3250691907723682],
[52.052804157514636, 1.325168112590387],
[52.0528146767815, 1.3252566337891172],
[52.05283688348021, 1.3254267207524049],
[52.05287900336338, 1.3260640884014934],
[52.05288133696106, 1.3261983979174634],
[52.05292600322217, 1.3271150674674372],
[52.05292323554182, 1.3272026887734594],
[52.052907424886, 1.3273002742359197],
[52.05288364206092, 1.3274064956375202],
[52.052727800833765, 1.3281296970219703],
[52.05270057446399, 1.3282273380599285],
[52.05244994730985, 1.3293782613910055],
[52.052449231350536, 1.329507282015008],
[52.05245182688674, 1.329622226984862],
[52.05245820338475, 1.3297318508330804],
[52.052468449086874, 1.3298452359265875],
[52.05247828866087, 1.3299685227637719],
[52.05248828525982, 1.330092877134442],
[52.05249839047181, 1.3302087315217757],
[52.05251011399085, 1.3303272045468126],
[52.05252540638374, 1.3304460572513008],
[52.052538939164144, 1.3305485343437886],
[52.05255394827861, 1.3306416057435757],
[52.05256592750328, 1.3307288531674475],
[52.05257567736508, 1.3308045745699892],
[52.0525849390525, 1.3308889671970618],
[52.05259782740527, 1.3309775760427458],
[52.052608092890836, 1.3310661237841979],
[52.05261475379878, 1.3313140447809533],
[52.05260895523824, 1.3313542110252354],
[52.052592448012504, 1.3313787254412348],
[52.05257956549572, 1.331395157765856],
[52.05256656924697, 1.3314010669171499],
[52.0524986684128, 1.3314114802147274],
[52.0524640783475, 1.3314278627722747],
[52.0524317418329, 1.3314450707440186],
[52.05240408379592, 1.3314621154822446],
[52.05237851560554, 1.3314794268092904],
[52.05235424936192, 1.3314941579171937],
[52.05215592006978, 1.3315900309611506],
[52.052116571512286, 1.3316415343362946],
[52.05210002986168, 1.331673705845827],
[52.0520859589477, 1.3317037009486856],
[52.05207456970259, 1.3317294650982654],
[52.05205729730611, 1.3317545813081895],
[52.05203398387855, 1.3317795003389665],
[52.05201087757321, 1.331803064087664],
[52.05198957585517, 1.3318245892156673],
