[52.24390049, 0.11004967],
[52.24372292, 0.11009149],
[52.24372976, 0.11006026],
[52.24372993, 0.11005117],
[52.24372627, 0.11005425],
[52.24372695, 0.11004869],
[52.24372336, 0.11005124],
[52.24371852, 0.11005247],
[52.24371744, 0.11005094],
[52.24371598, 0.11004991],
[52.24371598, 0.11004991],
[52.24371597, 0.11005016],
[52.24393853, 0.10898312],
[52.24395907, 0.10915446],
[52.24415151, 0.10915383],
[52.24420813, 0.10927676],
[52.24441207, 0.11005085],
[52.24498516, 0.10987793],
[52.24512171, 0.10988867],
[52.24516889, 0.10996158],
[52.24522629, 0.11005485],
[52.24522433, 0.11033625],
[52.2451529, 0.1109449],
[52.24422094, 0.11161188],
[52.24283124, 0.11253078],
[52.24131024, 0.11321461],
[52.23970871, 0.11278437],
[52.23814929, 0.11198086],
[52.23668137, 0.11210151],
[52.2359222, 0.11270979],
[52.23591076, 0.11274874],
[52.23591076, 0.11274874],
[52.23591373, 0.11274673],
[52.23585578, 0.11286549],
[52.23546483, 0.11350836],
[52.23487474, 0.11362248],
[52.23443881, 0.11288958],
[52.23444555, 0.11261393],
[52.23467795, 0.11093759],
[52.23454065, 0.10782781],
[52.23431355, 0.10465752],
[52.23405713, 0.10138954],
[52.23372207, 0.09752208],
[52.23357673, 0.0959751],
[52.23318402, 0.09212215],
[52.23286309, 0.08867244],
[52.23256235, 0.08525523],
[52.23233136, 0.08304116],
[52.23207968, 0.08019042],
[52.23153639, 0.07668086],
[52.23073564, 0.07343643],
[52.23044076, 0.07296504],
[52.23007426, 0.07261592],
[52.2293867, 0.07267576],
[52.22916847, 0.07277669],
[52.2269294, 0.07488625],
[52.22455568, 0.07679599],
[52.22193305, 0.07815959],
[52.219204069999996, 0.07875419],
[52.21660293, 0.07873518],
[52.21416441, 0.07826731],
[52.21174265, 0.07773534],
[52.20938504, 0.07722607],
[52.20705373, 0.0767293],
[52.20459215, 0.07618783],
[52.20194716, 0.07562356],
[52.19932669, 0.07508132],
[52.19684266, 0.07456539],
[52.19422501, 0.07419183],
[52.19153869, 0.0742394],
[52.18882455, 0.0746803],
[52.18606619, 0.07554696],
[52.18331986, 0.07672319],
[52.18056021, 0.07827765],
[52.17784217, 0.08014355],
[52.17527602, 0.08229195],
[52.173087, 0.08446741],
[52.17261914, 0.0849716],
[52.17031451, 0.08764196],
[52.16822463, 0.09038837],
[52.16625389, 0.09327639],
[52.16446415, 0.09616812],
[52.16290221, 0.09901667],
[52.16161426, 0.10176944],
[52.16098441, 0.10383859],
[52.16087539, 0.10433672],
[52.16010137, 0.1044336],
[52.15961154, 0.1035403],
[52.15920123, 0.10179064],
[52.15841031, 0.0996812],
[52.15741515, 0.09743726],
[52.15644723, 0.09518694],
[52.15568769, 0.09280241],
[52.15429529, 0.09108968],
[52.15255948, 0.0914185],
[52.15124532, 0.09195832],
[52.14968522, 0.0916185],
[52.14823728, 0.09104319],
[52.14681406, 0.09061373],
[52.14614556, 0.09036317],
[52.14543168, 0.08981894],
[52.14459349, 0.0885753],
[52.14366829, 0.08721478],
[52.14280283, 0.08592035],
[52.14192172, 0.08462823],
[52.14097903, 0.08356489],
[52.14007567, 0.08277325],
[52.13969846, 0.08243708],
[52.13892238, 0.08180988],
