[, ],
[52.055366686819504, 1.2803438559784193],
[52.055366686819504, 1.2803438559784193],
[52.055366686819504, 1.2803438559784193],
[52.055366686819504, 1.2803438559784193],
[52.055366686819504, 1.2803438559784193],
[52.055366686819504, 1.2803438559784193],
[52.055366686819504, 1.2803438559784193],
[52.055366686819504, 1.2803438559784193],
[52.04821867266726, 1.284098359158128],
[52.04821867266726, 1.284098359158128],
[52.0483161444397, 1.2855589351651433],
[52.04832811541049, 1.285797116094967],
[52.04912287030012, 1.2868385984185975],
[52.04927315443386, 1.286872417589325],
[52.04942363309763, 1.286912866995821],
[52.049580326291355, 1.2869352073346048],
[52.04985449820386, 1.2869238428427352],
[52.0501483301037, 1.2868643240142],
[52.05022976059933, 1.2868706746896215],
[52.050285672542735, 1.2869443208249345],
[52.050618742874995, 1.289003860191759],
[52.05076534020059, 1.2894924456568633],
[52.05085184892628, 1.2897208508694729],
[52.05094260190246, 1.2899501613537359],
[52.051027601927984, 1.29017460402362],
[52.05110769098825, 1.2903998264895635],
[52.051183285294506, 1.290637917875367],
[52.05126532164607, 1.2908922315105786],
[52.05134899206864, 1.2911457206404118],
[52.05144355241596, 1.2913824380665497],
[52.05163748107712, 1.291839061503109],
[52.052537242603854, 1.2938372479994844],
[52.0528403899328, 1.2946286894229204],
[52.05295870536791, 1.295380560236416],
[52.05299715204784, 1.2956032265326185],
[52.05302684224688, 1.2958147819594825],
[52.05305280079103, 1.2960292586694446],
[52.053105382594964, 1.2964526959400833],
[52.053140912267075, 1.2966584631329667],
[52.05317558347069, 1.2968767288467615],
[52.05326330706998, 1.2974323996137456],
[52.053299525079886, 1.2977179511884502],
[52.05348966734556, 1.299291565785492],
[52.05354530204696, 1.2998761813876571],
[52.053608277369136, 1.300466022645697],
[52.05375668519161, 1.3018894398783014],
[52.05377356065906, 1.3021731757052197],
[52.05379638034124, 1.3024510904258437],
[52.05382564588951, 1.302735294553634],
[52.05391664461818, 1.303607784474029],
[52.05394738216539, 1.3038939266267648],
[52.05397559179476, 1.3041763503201536],
[52.05400293378573, 1.3044450701345205],
[52.05402979280003, 1.304704186579143],
[52.05405497054299, 1.3049570262434733],
[52.0540790705706, 1.3051987890578154],
[52.05410443614181, 1.3054332512487616],
[52.054129225157695, 1.3056598026101915],
[52.054173734938956, 1.3060576827180532],
[52.05419142714515, 1.306213749870404],
[52.05421290548996, 1.3063825823255244],
[52.05423818297374, 1.3065658416956827],
[52.05426544843596, 1.3067694165291013],
[52.054291106443195, 1.3069818980018943],
[52.05431862320548, 1.3071975647256078],
[52.05434518960398, 1.3074239413828208],
[52.054370655332555, 1.3076380165624357],
[52.05439484759388, 1.3078593137154604],
[52.054418289859235, 1.3080828634996757],
[52.054755619112335, 1.3095262177701357],
[52.05482242238594, 1.3097432917586902],
[52.05487547747315, 1.3099483575023394],
[52.05491484402586, 1.310154016406945],
[52.054937638340654, 1.3103877442152194],
[52.054961702265224, 1.310620366113294],
[52.055279583178844, 1.3127889286193835],
[52.055343010890546, 1.3130020714037587],
[52.055415611132126, 1.3132268080577862],
[52.05546629625586, 1.313465383662951],
[52.0555152307215, 1.313712959932575],
[52.055567666762435, 1.3139786422519977],
[52.055609984855955, 1.3142333124766892],
[52.05563882781425, 1.3144769424394533],
[52.055643701667876, 1.3147088234001683],
[52.05552286186201, 1.3151584924680833],
[52.055455286431936, 1.3153696935929602],
[52.05538863991927, 1.3155856650458824],
[52.0553391122621, 1.3158013648723985],
[52.05531475503438, 1.3160132913393683],
[52.05530238919635, 1.3162311914263778],
[52.055341078836534, 1.317073986544632],
[52.05574615105973, 1.3185157348371286],
[52.05593526574239, 1.3192036429331293],
[52.05595382855704, 1.3192907764715136],
[52.05591578015252, 1.3193547796588474],
[52.055857680290785, 1.3194075156576297],
[52.05486596723804, 1.3198143307141532],
[52.05474642628641, 1.3198687445521362],
[52.05462768053789, 1.3199183775693397],
[52.054512232132744, 1.3199709818504357],
[52.05440475539915, 1.3200251608542748],
[52.05429709752049, 1.3200775789836616],
[52.054191295482255, 1.3201224511991807],
[52.054082487053755, 1.3201655090937683],
[52.05396666166921, 1.3202078187951798],
[52.053842278567316, 1.3202525167186332],
[52.05371862540971, 1.3202924419843949],
[52.053602476309365, 1.3203432544894593],
[52.053480799920536, 1.3203951949927488],
[52.05336401451424, 1.3204453740430773],
[52.05324614010098, 1.3204999946686184],
[52.05312475100667, 1.3205535336640737],
[52.05219150823145, 1.3208621331912682],
[52.05213437134085, 1.3213978549716499],
[52.052135606011646, 1.3214995662707958],
[52.05213977762306, 1.3216128846357602],
[52.05214820746271, 1.3217265114325465],
[52.05221660861111, 1.3221387208980981],
[52.0522472068025, 1.322265663384991],
[52.0522789795458, 1.3223860362707314],
[52.05231631046213, 1.3225086471057048],
[52.052360521186195, 1.3226439485404673],
[52.05240296425132, 1.3227855838812168],
[52.052448676050076, 1.3229281267413306],
[52.052690317063785, 1.323870895358484],
[52.05271288379806, 1.324017550586365],
[52.052789574365534, 1.3250691907723682],
[52.052804157514636, 1.325168112590387],
[52.0528146767815, 1.3252566337891172],
[52.05283688348021, 1.3254267207524049],
[52.05287900336338, 1.3260640884014934],
[52.05288133696106, 1.3261983979174634],
[52.05292600322217, 1.3271150674674372],
[52.05292323554182, 1.3272026887734594],
[52.052907424886, 1.3273002742359197],
[52.05288364206092, 1.3274064956375202],
[52.052727800833765, 1.3281296970219703],
[52.05270057446399, 1.3282273380599285],
[52.05244994730985, 1.3293782613910055],
[52.052449231350536, 1.329507282015008],
[52.05245182688674, 1.329622226984862],
[52.05245820338475, 1.3297318508330804],
[52.052468449086874, 1.3298452359265875],
[52.05247828866087, 1.3299685227637719],
[52.05248828525982, 1.330092877134442],
[52.05249839047181, 1.3302087315217757],
[52.05251011399085, 1.3303272045468126],
[52.05252540638374, 1.3304460572513008],
[52.052538939164144, 1.3305485343437886],
[52.05255394827861, 1.3306416057435757],
[52.05256592750328, 1.3307288531674475],
[52.05257567736508, 1.3308045745699892],
[52.0525849390525, 1.3308889671970618],
[52.05259782740527, 1.3309775760427458],
[52.052608092890836, 1.3310661237841979],
[52.05261475379878, 1.3313140447809533],
[52.05260895523824, 1.3313542110252354],
[52.052592448012504, 1.3313787254412348],
[52.05257956549572, 1.331395157765856],
[52.05256656924697, 1.3314010669171499],
[52.0524986684128, 1.3314114802147274],
[52.0524640783475, 1.3314278627722747],
[52.0524317418329, 1.3314450707440186],
[52.05240408379592, 1.3314621154822446],
[52.05237851560554, 1.3314794268092904],
[52.05235424936192, 1.3314941579171937],
[52.05215592006978, 1.3315900309611506],
[52.052116571512286, 1.3316415343362946],
[52.05210002986168, 1.331673705845827],
[52.0520859589477, 1.3317037009486856],
[52.05207456970259, 1.3317294650982654],
[52.05205729730611, 1.3317545813081895],
[52.05203398387855, 1.3317795003389665],
[52.05201087757321, 1.331803064087664],
[52.05198957585517, 1.3318245892156673],
[52.0526970988241, 1.3308434620888907],
[52.0524711377659, 1.3307297300616723],
[52.05263182497924, 1.3307850227182152],
[52.05263182497924, 1.3307850227182152],
[52.05263182497924, 1.3307850227182152],
[52.05263182497924, 1.3307850227182152],
[52.05254101448275, 1.3304883624238732],
[52.052568600579, 1.33040394867039],
[52.052568600579, 1.33040394867039],
[52.052554162724626, 1.3300533594839339],
[52.05254475053453, 1.3299284244962146],
[52.052507614537625, 1.3296789277902024],
[52.052470847276815, 1.329507676460209],
[52.052452359494886, 1.32941295023169],
[52.05243528264232, 1.3293089663593072],
[52.05258913723385, 1.3284035918565216],
[52.052610570328994, 1.3283319146421988],
[52.052898353055724, 1.327553669464212],
[52.052913120264925, 1.3274668708002475],
[52.052927493675305, 1.3273721818353992],
[52.052938967563286, 1.3272814446126562],
[52.05293886474078, 1.3271908725084864],
[52.05294001456686, 1.3271271980233361],
[52.05294020146216, 1.3270442696787104],
[52.05293785743562, 1.3269539123073473],
[52.05294484582177, 1.3260487711791424],
[52.052944366287846, 1.3259700026908934],
[52.052824247128626, 1.3251686292718174],
[52.052828481277935, 1.3250907650548005],
[52.05277352992674, 1.3249848545760416],
[52.052703071589534, 1.3244421090071758],
[52.05264761277777, 1.3238877094559593],
[52.05249763124561, 1.3229151486369106],
[52.05218599755575, 1.3221088228202555],
[52.052014656979225, 1.3215709079971798],
[52.051842609959415, 1.3211042795019494],
[52.052717585867924, 1.320534717437742],
[52.053850467695874, 1.3201611794303176],
[52.05492974367623, 1.319791991636181],
[52.055792336625984, 1.319309576046695],
[52.055910756519836, 1.3191286094195367],
[52.05593996332357, 1.3190485784451236],
[52.05596767758241, 1.3189683528205378],
[52.0556693252408, 1.31760777248641],
[52.05536349880571, 1.3158089102587012],
[52.05370318340567, 1.3002495149643452],
[52.05363581883305, 1.2999892695451878],
[52.05358047021435, 1.2997245218754352],
[52.053551946394606, 1.2994652568190337],
[52.053535351767714, 1.2992026583450103],
[52.05350968047518, 1.2989287016029916],
[52.053391597148384, 1.2975942370169695],
[52.053391597148384, 1.2975942370169695],
[52.05336432490274, 1.2973352921796588],
[52.05334693359178, 1.2970711502749963],
[52.05331242803345, 1.2968488611827858],
[52.053285890152424, 1.2966271606085435],
[52.053259945972684, 1.2964141671738791],
[52.05320286536205, 1.2961982032944124],
[52.053150836315666, 1.2959282649008026],
[52.0530921533681, 1.295641474772168],
[52.053051736156895, 1.2953609362972898],
[52.0530246229745, 1.295041396530611],
[52.053011532617155, 1.2947193548747087],
[52.05298991032748, 1.2944489097539065],
[52.052949910071575, 1.2942047928365485],
[52.05290079559874, 1.2939752851221282],
[52.05272977748186, 1.2932944348581743],
[52.052646320121944, 1.2931673225236602],
[52.05254719972198, 1.2930531704591772],
[52.05241185766546, 1.292903638612909],
[52.05229557534904, 1.2927493050262606],
[52.05220186512058, 1.29259996759078],
[52.05211766907642, 1.2924577345136783],
[52.05205003032767, 1.2923420053905137],
[52.05195367136923, 1.2921568132087395],
[52.051864603513984, 1.291975683223707],
[52.05176122165618, 1.2917648826938672],
[52.05165079722452, 1.2915326224080996],
[52.051539055671284, 1.2912816065692607],
[52.05143155916045, 1.2910440994675358],
[52.05133095993001, 1.2907761991292142],
[52.05123786600662, 1.2904836993518278],
[52.0511467962586, 1.2902020173895188],
[52.05105209588258, 1.2899406563474163],
[52.05095777725416, 1.2896911716832584],
[52.05087313476379, 1.289450464748127],
[52.050800857863365, 1.2892151255233257],
[52.05071267632106, 1.2889492100678255],
[52.05063050498786, 1.2887030896206864],
[52.05055120696479, 1.2884561863085682],
[52.05048592008599, 1.2882218828753083],
[52.050425342371284, 1.287991149925991],
[52.05036789010149, 1.2877678885400432],
[52.050316137120255, 1.2875267842893028],
[52.050273932599424, 1.2873281254384594],
[52.05024559575991, 1.2871759035676724],
[52.0502030659335, 1.2869888477341016],
[52.05012905368831, 1.2868773807959928],
[52.0500515901038, 1.2868157636075253],
[52.04999934931924, 1.2867767976659223],
[52.04994627130621, 1.2867418921420173],
[52.04988503278794, 1.286732066325928],
[52.049754648182876, 1.2867699373824972],
[52.049643067796694, 1.2868055810999994],
[52.04952739159887, 1.286836387673705],
[52.04938726920421, 1.2868841408304195],
[52.04924583743955, 1.2869036132084628],
[52.049094469738314, 1.2869247645878588],
[52.04895363431151, 1.286910729976234],
[52.04881849756857, 1.2868602345007163],
[52.04869692358809, 1.2867994416382107],
[52.04857747217358, 1.286682379558507],
[52.04847372116313, 1.2865411200526697],
[52.04838809713493, 1.286359156726107],
[52.048297613355714, 1.286148987501637],
[52.04826444842805, 1.2858922801268098],
[52.04823944289687, 1.2856393606748562],
[52.048235657466165, 1.285365157863591],
[52.048236723056405, 1.2851060329424302],
[52.04823761031401, 1.2848388284703216],
[52.048244251142975, 1.28457201791097],
[52.04825536003465, 1.284310362090745],
[52.04827510131576, 1.2835032186591395],
[52.0482750077273, 1.283241545722701],
[52.04829177784733, 1.2827320454464315],
[52.04830090632511, 1.2824760080754616],
[52.048310909624135, 1.2822120560138357],
[52.04831369835777, 1.2819405231278014],
[52.04831641412077, 1.2816719150207185],
[52.04832671598747, 1.2814028573333365],
[52.04833362886806, 1.2811292818942757],
[52.04833996312465, 1.2808558132626227],
[52.0483638463142, 1.2803108439058752],
[52.04839303884252, 1.2795389495121359],
[52.04840900852119, 1.2790587092919696],
[52.048414838392794, 1.2785792140554035],
[52.04841324185179, 1.2783534258697418],
[52.048410590681215, 1.2781227779625675],
[52.04839677361906, 1.2778941936639299],
[52.048377427881796, 1.2776697325030082],
[52.04823592017493, 1.2772577746701814],
[52.047900883690666, 1.2766803952457861],
[52.04776772767207, 1.2756025991533975],
[52.04776998237965, 1.2754671480237036],
[52.047771642226856, 1.2753165685580632],
[52.04776418419591, 1.2751674388569905],
[52.04781918739492, 1.2744575365835988],
[52.04795224865006, 1.2744604776094992],
[52.0480694618112, 1.2745133327617137],
[52.04819650233283, 1.2745728785409873],
[52.04828723798873, 1.2747065226399277],
[52.048358334024776, 1.2748329820117574],
[52.04842989355124, 1.2750049882810013],
[52.048509063825186, 1.2752482877994282],
[52.048607545460115, 1.2755151592419147],
[52.04869994706438, 1.2757409224672007],
[52.048827091796724, 1.2759387341439983],
[52.04896900604472, 1.2761441420280948],
[52.04913079805113, 1.2763411791970558],
[52.0493307282111, 1.276547588375379],
[52.049538680298, 1.2767469478390279],
[52.05165830240767, 1.2777657550067574],
[52.05422633281248, 1.2777381825232659],
[52.05673904525606, 1.2773766758937182],
[52.05897663670715, 1.2769073418370465],
[52.06012832723484, 1.2762220949123884],
[52.060580589927106, 1.2770720615868216],
[52.060666959261724, 1.277319573438218],
[52.060799902347846, 1.2780633446824823],
[52.05928327286338, 1.2785146039500555],
[52.058916166100914, 1.278452816178048],
[52.05886352746944, 1.2785006415886164],
[52.05882602559968, 1.2785457427447828],
[52.05877690985901, 1.2792817943321912],
[52.05881926994291, 1.279372029717517],
[52.05885494519984, 1.2794452717430718],
[52.05891126457881, 1.2795321567882618],
[52.058985995964626, 1.2795210458217257],
[52.05927633116801, 1.2795548539543777],
[52.059318923800696, 1.2796341912367843],
[52.05935160852796, 1.2797411012689757],
[52.05937293262567, 1.2798603046526111],
[52.05937954585442, 1.2799764627666854],
[52.05939083931834, 1.2801043928259943],
[52.059377426230384, 1.2808179677023],
[52.059349354265734, 1.280936421233737],
[52.05932302144825, 1.2810253005409433],
[52.05929056757613, 1.2811134117305487],
[52.0592347625996, 1.2812237896559704],
[52.05913259685192, 1.2812925265590458],
[52.05837516073389, 1.281801367477706],
[52.058273359887366, 1.2818918367878462],
[52.058180008461, 1.2819718200361474],
[52.0580875117634, 1.2820537414816358],
[52.057906307591544, 1.2822109510140576],
[52.05772621424595, 1.2823637645226071],
[52.05763325238222, 1.2824401285895606],
[52.05753604988703, 1.2825208532044428],
[52.057329728415496, 1.2826864041039152],
[52.0572327808028, 1.2827520827070225],
[52.05712999283032, 1.282784464429833],
[52.05705457471366, 1.282840619466154],
[52.0567423837007, 1.28307565952278],
[52.056352802108165, 1.2833714051180798],
[52.056326161800804, 1.2834100223100193],
[52.05631125317172, 1.2834607423426507],
[52.05630362948872, 1.283510841627754],
[52.05630601133006, 1.2835685519689044],
[52.056316009857326, 1.2836531310922084],
[52.05636360042883, 1.283772196443992],
[52.056455181192526, 1.2837894470796758],
[52.056455181192526, 1.2837894470796758],
[52.056455181192526, 1.2837894470796758],
[52.05653885202431, 1.2838009903329644],
[52.05653885202431, 1.2838009903329644],
[52.05653885202431, 1.2838009903329644],
[52.05653885202431, 1.2838009903329644],
[52.05653885202431, 1.2838009903329644],
[52.05653885202431, 1.2838009903329644],
[52.05653885202431, 1.2838009903329644],
[52.05653885202431, 1.2838009903329644],
[52.05653885202431, 1.2838009903329644],
[52.05653885202431, 1.2838009903329644],
[52.05653885202431, 1.2838009903329644],
[52.05647223214464, 1.2837300286518545],
[52.05647223214464, 1.2837300286518545],
